d9aad1751b0efbb27918e8084fe748a2
2096893782688186555
2100502564534120655
2098328221746155734
2101506694748766293
2102684447233769802
70a02de71e46d5097dfd94a023cc160c
2097973407283609902
32bf431e4f66f8175ea85eaab7627245
0e58efb5791c9944506cd2014443a0b3
2103046836521222567
2100864951535771727
2097618556565541113
47b9f38ee3e5ae7a9c34559093aa1f1c
2097256169765265907
2097603459721945210
2104873865667387621
2100893871479939359
2097158030894989500
2103416990614655351
2103681011850833973
2105825137761353897
2098343336298098711
2103764050043879700
2102314496283025859
2101144301120156157
2105568444548788715
2101227338130399685
2105855343721115653
2103031732496974146
2103039277290697137
aa03657f1c209080dfed7d7c5b5b7c14
2102926037374099511
2099785345365860719
5a1174eb16c45c20b12a62cc7f6e7c2f
2099415402459910170
2098690625281638468
2102322058801918153
2104768176877871467
50a2ff512988cf7100e320cf147df00f
2105492953724780851
d8c54cebac980cd956d61afb91d686f1
2100881290644074734
2104043397724201459
2100057141361136024
2098615126412955967
2104488828526571595
2097248627878154300
2100419523828695536
85ac82fe02980ee662be309c984cce01
2102593848698683665
2098214059489579142
2098705718157472156
2104126437867536830
2105613970946379897
2106225267375239370
2105213602374520882
2107674811623526586
2097241075228565745
2101590965249282279
2103409251586838593
bda03ebed61864ab5aca3ef3fc23a3a6
6c047378a6b9cd55726945d61166449a
2097527962656722998
2100510113916407928
2107025533217448241
451cdcbf25f5f95b32e585c87302a7ab
2103318630721286590
2103688538130981157
2106217726054441050
2100147733474779193
2104851214232080540
2101589727266894322
2100910248777408860
2105954719097307318
2102676885931184477
d76fb3de22cd8349e09b10d432c5f31b
2108029665839546430
2107667282210226394
6458f12c0d698fe1c6baa469c43870a8
2098698171140751766
2098260286344196337
2106580112422654216
2099422965305872384
2099421672692720102
2101952113656140215
2098607583242449403
2097882809729994855
4ff143770fce00494b920235f4a4a4a4
2107312423560687996
2103401664820683050
0b42d06f10b9a880326b13e86b77185a
2106663151135769049
2100781916928807126
2099777785304944773
2100140174961483817
110c5e96e3257e8fcb4e80ccae2943d2
9783079830144ae31d6de5c6e278d89a
2107750318608154823
2099332361221730771
76e4aba21102db2cba540b8b425074c2
2100895152252600801
2099377657129685203
2104050927552602566
c5a7c7d4ce84a35c3b33b2c17f1170e2
2106942506487464296
2101959674652397735
2098352124531012047
753b737f5b19c1053ab898663ab83884
af1899ad7ec1f21197ded5a71fed187e
2102231463056040142
c7850219b736da5060dcc88f6c348216
2097611019946459306
2099053009313616130
2105575991473213764
2098335793681207359
94467010b542baca695426faa2e9bcc4
2098245195469103427
2107304898287247830
2105130564273791487
ad2725cb4429c7f994d0795045e6baf3
2103002664326107647
ff33dbe8a1f5508079d27211be084c9e
2097520419410772254
2106950045845332091
2098969970751508599
2101234891333747111
2101869075526013150
2104405788693602341
2099694750433689634
2097165577496490455
2097965846945767861
2098252736823545912
4e6156dd6fe22fa06b86c13789cd9a6c
2100872543540498699
2103418000456167496
3454f872eee39ec7bc3ed2395bb21c03
2107387933569568968
2097980947320983873
2100517655103099250
2097890349549297794
2106300763890917493
2102956233783386489
ce06342e945e2b153967c6a14e13c5d6
2105938377183010974
2105462754807337336